dataset	DTW	EDR	LCS	ERP	NewGotoh
BirdChicken-0.50	0.55	0.75	0.50	0.50	0.55	
BirdChicken-0.60	0.46	0.50	0.50	0.52	0.56	
BirdChicken-0.20	0.53	0.55	0.53	0.66	0.57	
BirdChicken-0.10	0.76	0.70	0.57	0.69	0.71	
BirdChicken-0.30	0.46	0.48	0.50	0.63	0.55	
BirdChicken-0.40	0.44	0.49	0.50	0.71	0.58	
dataset	DTW	EDR	LCS	ERP	NewGotoh
BirdChicken-0.10	0.76	0.70	0.57	0.69	0.71	
BirdChicken-0.20	0.53	0.55	0.53	0.66	0.57	
BirdChicken-0.30	0.46	0.48	0.50	0.63	0.55	
BirdChicken-0.40	0.44	0.49	0.50	0.71	0.58	
BirdChicken-0.50	0.55	0.75	0.50	0.50	0.55	
BirdChicken-0.60	0.46	0.50	0.50	0.52	0.56	
dataset	DTW	EDR	LCS	ERP	NewGotoh
BirdChicken-0.10	1.50	1.39	1.16	1.45	1.43	
BirdChicken-0.20	1.07	1.11	1.05	1.32	1.17	
BirdChicken-0.30	0.87	0.95	0.99	1.25	1.11	
BirdChicken-0.40	0.83	1.06	1.00	1.37	1.21	
BirdChicken-0.50	1.08	1.50	1.00	1.00	1.12	
BirdChicken-0.60	0.91	1.04	1.00	1.09	1.05	
dataset	DTW	EDR	LCS	ERP	NewGotoh
BirdChicken-0.10	0.75	0.70	0.58	0.72	0.73	
BirdChicken-0.20	0.53	0.55	0.53	0.66	0.68	
BirdChicken-0.30	0.44	0.47	0.49	0.62	0.67	
BirdChicken-0.40	0.42	0.53	0.50	0.68	0.73	
BirdChicken-0.50	0.54	0.75	0.50	0.50	0.70	
BirdChicken-0.60	0.46	0.52	0.50	0.55	0.64	
dataset	DTW	EDR	LCS	ERP	NewGotoh
BirdChicken-0.10	0.75	0.70	0.58	0.72	0.68	
BirdChicken-0.20	0.53	0.55	0.52	0.66	0.67	
BirdChicken-0.30	0.44	0.47	0.49	0.62	0.65	
BirdChicken-0.40	0.42	0.53	0.50	0.68	0.67	
BirdChicken-0.50	0.54	0.75	0.50	0.50	0.65	
BirdChicken-0.60	0.45	0.52	0.50	0.55	0.64	
dataset	DTW	EDR	LCS	ERP	NewGotoh
BirdChicken-0.10	0.75	0.70	0.58	0.72	0.73	
BirdChicken-0.20	0.53	0.55	0.52	0.66	0.68	
BirdChicken-0.30	0.44	0.47	0.49	0.62	0.67	
BirdChicken-0.40	0.42	0.53	0.50	0.68	0.74	
BirdChicken-0.50	0.54	0.75	0.50	0.50	0.70	
BirdChicken-0.60	0.45	0.52	0.50	0.55	0.64	
