dataset	DTW	EDR	LCS	ERP	NewGotoh
dataset	DTW	EDR	LCS	ERP	NewGotoh
dataset	DTW	EDR	LCS	ERP	NewGotoh
Beef-0.40	0.41	0.27	0.20	0.48	0.34	
Beef-0.30	0.47	0.37	0.20	0.52	0.43	
Beef-0.20	0.51	0.38	0.20	0.59	0.57	
Beef-0.10	0.57	0.41	0.20	0.57	0.57	
Beef-0.50	0.37	0.27	0.20	0.45	0.32	
Beef-0.60	0.26	0.24	0.20	0.27	0.28	
dataset	DTW	EDR	LCS	ERP	NewGotoh
dataset	DTW	EDR	LCS	ERP	NewGotoh
Beef-0.10	0.57	0.41	0.20	0.57	0.57	
Beef-0.20	0.51	0.38	0.20	0.59	0.57	
Beef-0.30	0.47	0.37	0.20	0.52	0.43	
Beef-0.40	0.41	0.27	0.20	0.48	0.34	
Beef-0.50	0.37	0.27	0.20	0.45	0.32	
Beef-0.60	0.26	0.24	0.20	0.27	0.28	
dataset	DTW	EDR	LCS	ERP	NewGotoh
Beef-0.10	1.17	0.80	0.40	1.14	1.17	
Beef-0.20	0.91	0.74	0.40	1.02	0.97	
Beef-0.30	0.87	0.71	0.40	0.89	0.78	
Beef-0.40	0.84	0.56	0.40	0.99	0.80	
Beef-0.50	0.66	0.53	0.40	0.84	0.66	
Beef-0.60	0.53	0.45	0.40	0.61	0.54	
dataset	DTW	EDR	LCS	ERP	NewGotoh
Beef-0.10	0.58	0.40	0.20	0.57	0.53	
Beef-0.20	0.45	0.37	0.20	0.51	0.50	
Beef-0.30	0.43	0.36	0.20	0.44	0.42	
Beef-0.40	0.42	0.28	0.20	0.50	0.41	
Beef-0.50	0.33	0.27	0.20	0.42	0.34	
Beef-0.60	0.26	0.22	0.20	0.30	0.28	
dataset	DTW	EDR	LCS	ERP	NewGotoh
Beef-0.10	0.58	0.40	0.20	0.57	0.53	
Beef-0.20	0.45	0.37	0.20	0.51	0.45	
Beef-0.30	0.43	0.36	0.20	0.44	0.29	
Beef-0.40	0.42	0.28	0.20	0.50	0.37	
dataset	DTW	EDR	LCS	ERP	NewGotoh
Beef-0.10	0.58	0.40	0.20	0.57	0.53	
Beef-0.20	0.45	0.37	0.20	0.51	0.45	
Beef-0.30	0.43	0.36	0.20	0.44	0.29	
Beef-0.40	0.42	0.28	0.20	0.50	0.37	
Beef-0.50	0.33	0.27	0.20	0.42	0.32	
Beef-0.60	0.26	0.22	0.20	0.30	0.28	
dataset	DTW	EDR	LCS	ERP	NewGotoh
Beef-0.10	0.58	0.40	0.20	0.57	0.53	
Beef-0.20	0.45	0.37	0.20	0.51	0.50	
Beef-0.30	0.43	0.36	0.20	0.44	0.42	
Beef-0.40	0.42	0.28	0.20	0.50	0.41	
Beef-0.50	0.33	0.27	0.20	0.42	0.34	
Beef-0.60	0.26	0.22	0.20	0.30	0.28	
